   0.00000   0.08414
   0.01667   0.06747
   0.05000   0.03636
   0.08333   0.00746
   0.11667  -0.01921
   0.15000  -0.04366
   0.18333  -0.06588
   0.21667  -0.08589
   0.25000  -0.10367
   0.28333  -0.11924
   0.31667  -0.13258
   0.35000  -0.14370
   0.38333  -0.15260
   0.41667  -0.15927
   0.45000  -0.16372
   0.48333  -0.16595
   0.51667  -0.16596
   0.55000  -0.16374
   0.58333  -0.15931
   0.61667  -0.15265
   0.65000  -0.14376
   0.68333  -0.13266
   0.71667  -0.11933
   0.75000  -0.10378
   0.78333  -0.08600
   0.81667  -0.06601
   0.85000  -0.04379
   0.88333  -0.01934
   0.91667   0.00732
   0.95000   0.03621
   0.98333   0.06732
   1.00000   0.08399
